10 18
a
b
c
d
e
f
g
h
i
j
65536 0 65536 65536 65536 65536 65536 65536 9 65536 
65536 65536 1 65536 65536 65536 65536 65536 10 65536 
65536 65536 65536 65536 2 65536 65536 65536 65536 65536 
8 65536 65536 65536 65536 65536 65536 65536 65536 65536 
65536 65536 65536 65536 65536 65536 3 65536 65536 65536 
65536 65536 65536 7 65536 65536 65536 65536 65536 6 
65536 65536 65536 65536 65536 65536 65536 4 13 65536 
65536 65536 65536 65536 65536 65536 65536 65536 65536 5 
65536 11 65536 65536 12 17 65536 14 65536 65536 
65536 65536 65536 65536 65536 16 65536 15 65536 65536 
